   Tiefe	qc
     (m)	    (MPa)
0	0,13
0,02	0,73
0,04	2,01
0,06	2,88
0,08	4,46
0,1	8,78
0,12	9,55
0,14	11,37
0,16	14,00
0,18	17,48
0,2	17,88
0,22	17,71
0,24	16,72
0,26	13,97
0,28	12,96
0,3	13,21
0,32	14,58
0,34	15,63
0,36	18,07
0,38	17,28
0,4	17,15
0,42	15,80
0,44	14,43
0,46	13,25
0,48	13,71
0,5	17,00
0,52	20,67
0,54	24,00
0,56	27,39
0,58	29,81
0,6	31,24
0,62	31,05
0,64	31,12
0,66	31,17
0,68	31,31
0,7	31,21
0,72	30,57
0,74	30,01
0,76	29,23
0,78	28,41
0,8	27,62
0,82	26,41
0,84	25,12
0,86	23,69
0,88	22,42
0,9	21,44
0,92	20,57
0,94	19,40
0,96	18,10
0,98	16,86
1	15,61
1,02	14,62
1,04	13,69
1,06	12,88
1,08	12,14
1,1	11,41
1,12	10,79
1,14	10,32
1,16	9,94
1,18	9,53
1,2	9,02
1,22	8,39
1,24	7,63
1,26	6,87
1,28	6,36
1,3	5,97
1,32	5,68
1,34	5,33
1,36	5,11
1,38	5,00
1,4	4,98
1,42	5,08
1,44	5,22
1,46	5,14
1,48	4,97
1,5	4,84
1,52	4,62
1,54	4,34
1,56	4,00
1,58	3,71
1,6	3,50
1,62	3,33
1,64	3,18
1,66	3,05
1,68	2,96
1,7	2,87
1,72	2,82
1,74	2,80
1,76	2,83
1,78	2,87
1,8	2,94
1,82	3,02
1,84	3,10
1,86	3,17
1,88	3,20
1,9	3,20
1,92	3,17
1,94	3,08
1,96	2,89
1,98	2,62
2	2,29
2,02	2,07
2,04	2,00
2,06	1,97
2,08	1,94
2,1	1,95
2,12	1,86
2,14	1,88
2,16	2,05
2,18	2,25
2,2	2,25
2,22	2,01
2,24	1,82
2,26	1,72
2,28	1,68
2,3	1,66
2,32	1,68
2,34	1,73
2,36	1,81
2,38	1,87
2,4	1,93
2,42	2,00
2,44	2,07
2,46	2,10
2,48	2,11
2,5	2,09
2,52	2,09
2,54	2,09
2,56	2,11
2,58	2,09
2,6	2,09
2,62	2,04
2,64	2,01
2,66	2,00
2,68	2,00
2,7	1,97
2,72	1,99
2,74	2,17
2,76	2,49
2,78	2,82
2,8	3,09
2,82	3,18
2,84	3,00
2,86	2,71
2,88	2,56
2,9	2,58
2,92	2,85
2,94	3,58
2,96	4,73
2,98	5,40
3	5,60
3,02	5,67
3,04	5,75
3,06	5,83
3,08	6,14
3,1	6,58
3,12	6,67
3,14	6,65
3,16	6,76
3,18	6,82
3,2	6,82
3,22	6,82
3,24	6,93
3,26	7,29
3,28	7,82
3,3	8,49
3,32	9,37
3,34	10,37
3,36	11,51
3,38	12,85
3,4	14,33
3,42	15,59
3,44	16,50
3,46	17,07
3,48	17,49
3,5	17,75
3,52	17,89
3,54	17,77
3,56	17,45
3,58	17,12
3,6	17,08
3,62	17,35
3,64	17,72
3,66	18,30
3,68	19,06
3,7	19,89
3,72	20,89
3,74	22,10
3,76	23,31
3,78	23,77
3,8	23,37
3,82	22,60
3,84	22,09
3,86	21,92
3,88	21,78
3,9	21,52
3,92	20,98
3,94	20,45
3,96	20,03
3,98	19,48
4	18,86
4,02	18,38
4,04	18,12
4,06	18,21
4,08	18,34
4,1	18,21
4,12	18,11
4,14	17,98
4,16	17,56
4,18	16,93
4,2	16,53
4,22	16,02
4,24	15,17
4,26	14,19
4,28	13,09
4,3	12,15
4,32	11,78
4,34	12,48
4,36	14,17
4,38	16,02
4,4	17,16
4,42	17,60
4,44	18,29
4,46	18,79
4,48	19,51
4,5	20,90
4,52	22,28
4,54	23,65
4,56	25,09
4,58	26,22
4,6	26,86
4,62	27,19
4,64	27,40
4,66	27,58
4,68	27,69
4,7	27,62
4,72	27,46
4,74	27,16
4,76	26,84
4,78	26,63
4,8	26,58
4,82	26,57
4,84	26,44
4,86	26,36
4,88	26,30
4,9	25,99
4,92	25,55
4,94	25,45
4,96	25,82
4,98	26,62
5	27,52
5,02	27,81
5,04	27,59
5,06	26,80
5,08	25,90
5,1	25,31
5,12	24,97
5,14	24,57
5,16	24,03
5,18	23,40
5,2	23,21
5,22	23,45
5,24	23,71
5,26	23,54
5,28	22,84
5,3	22,14
5,32	21,34
5,34	20,33
5,36	19,22
5,38	17,53
5,4	15,35
5,42	13,20
5,44	11,14
5,46	9,12
5,48	7,03
5,5	5,39
5,52	4,06
5,54	3,33
5,56	2,59
5,58	1,93
5,6	1,58
5,62	1,40
5,64	1,31
5,66	1,30
5,68	1,30
5,7	1,30
5,72	1,26
5,74	1,23
5,76	1,19
5,78	1,19
5,8	1,19
5,82	1,18
5,84	1,18
5,86	1,20
5,88	1,22
5,9	1,23
5,92	1,23
5,94	1,21
5,96	1,19
5,98	1,16
6	1,14
6,02	1,14
6,04	1,13
6,06	1,12
6,08	1,11
6,1	1,09
6,12	1,07
6,14	1,05
6,16	1,03
6,18	1,02
6,2	1,00
6,22	0,98
6,24	0,96
6,26	0,96
6,28	0,94
6,3	0,93
6,32	0,92
6,34	0,92
6,36	0,93
6,38	0,93
6,4	0,93
6,42	0,93
6,44	0,93
6,46	0,94
6,48	0,94
6,5	0,94
6,52	0,95
6,54	0,96
6,56	0,97
6,58	0,97
6,6	0,98
6,62	0,97
6,64	0,97
6,66	0,98
6,68	0,98
6,7	0,99
6,72	1,00
6,74	1,00
6,76	1,00
6,78	0,99
6,8	0,98
6,82	0,96
6,84	0,95
6,86	0,95
6,88	0,94
6,9	0,94
6,92	0,93
6,94	0,93
6,96	0,94
6,98	0,95
7	0,95
7,02	0,96
7,04	0,96
7,06	0,97
7,08	0,97
7,1	0,98
7,12	1,01
7,14	1,03
7,16	1,05
7,18	1,08
7,2	1,10
7,22	1,13
7,24	1,21
7,26	1,18
7,28	1,18
7,3	1,20
7,32	1,22
7,34	1,25
7,36	1,30
7,38	1,36
7,4	1,38
7,42	1,39
7,44	1,41
7,46	1,43
7,48	1,44
7,5	1,49
7,52	1,53
7,54	1,58
7,56	1,56
7,58	1,56
7,6	1,55
7,62	1,53
7,64	1,53
7,66	1,52
7,68	1,49
7,7	1,47
7,72	1,50
7,74	1,59
7,76	1,72
7,78	1,86
7,8	2,03
7,82	2,23
7,84	2,43
7,86	2,59
7,88	2,69
7,9	2,70
7,92	2,65
7,94	2,61
7,96	2,56
7,98	2,55
8	2,58
8,02	2,63
8,04	2,69
8,06	2,72
8,08	2,73
8,1	2,72
8,12	2,72
8,14	2,71
8,16	2,73
8,18	2,77
8,2	2,79
8,22	2,79
8,24	2,81
8,26	2,86
8,28	2,98
8,3	3,08
8,32	3,21
8,34	3,38
8,36	3,52
8,38	3,62
8,4	3,72
8,42	3,81
8,44	3,79
8,46	3,80
8,48	3,78
8,5	3,67
8,52	3,43
8,54	3,29
8,56	3,15
8,58	2,96
8,6	2,87
8,62	2,85
8,64	2,90
8,66	3,13
8,68	3,42
8,7	3,61
8,72	3,74
8,74	3,79
8,76	3,86
8,78	4,01
8,8	4,17
8,82	4,20
8,84	4,08
8,86	3,87
8,88	3,65
8,9	3,42
8,92	3,26
8,94	3,10
8,96	2,94
8,98	2,89
9	2,90
9,02	2,91
9,04	2,89
9,06	2,86
9,08	2,81
9,1	2,73
9,12	2,64
9,14	2,57
9,16	2,51
9,18	2,44
9,2	2,42
9,22	2,44
9,24	2,47
9,26	2,48
9,28	2,50
9,3	2,50
9,32	2,46
9,34	2,39
9,36	2,34
9,38	2,29
9,4	2,23
9,42	2,17
9,44	2,14
9,46	2,12
9,48	2,11
9,5	2,16
9,52	2,25
9,54	2,35
9,56	2,28
9,58	2,26
9,6	2,27
9,62	2,27
9,64	2,26
9,66	2,22
9,68	2,12
9,7	2,03
9,72	1,97
9,74	1,91
9,76	1,87
9,78	1,84
9,8	1,82
9,82	1,82
9,84	1,84
9,86	1,94
9,88	2,04
9,9	2,17
9,92	2,29
9,94	2,39
9,96	2,43
9,98	2,53
10	2,95
10,02	3,85
10,04	5,14
10,06	6,50
10,08	7,28
10,1	7,43
10,12	7,30
10,14	6,93
10,16	6,37
10,18	5,65
10,2	4,81
10,22	4,07
10,24	3,52
10,26	3,03
10,28	2,48
10,3	2,04
10,32	1,79
10,34	1,69
10,36	1,66
10,38	1,66
10,4	1,66
10,42	1,66
10,44	1,65
10,46	1,64
10,48	1,63
10,5	1,61
10,52	1,57
10,54	1,53
10,56	1,50
10,58	1,48
10,6	1,44
10,62	1,41
10,64	1,38
10,66	1,35
10,68	1,31
10,7	1,30
10,72	1,30
10,74	1,31
10,76	1,30
10,78	1,28
10,8	1,30
10,82	1,36
10,84	1,25
10,86	1,23
10,88	1,23
10,9	1,24
10,92	1,25
10,94	1,27
10,96	1,33
10,98	1,42
11	1,53
11,02	1,65
11,04	1,76
11,06	1,90
11,08	2,03
11,1	2,11
11,12	2,21
11,14	2,29
11,16	2,41
11,18	2,52
11,2	2,59
11,22	2,68
11,24	2,79
11,26	2,93
11,28	3,07
11,3	3,18
11,32	3,22
11,34	3,19
11,36	3,15
11,38	3,05
11,4	2,93
11,42	2,78
11,44	2,73
11,46	3,24
11,48	4,25
11,5	5,24
11,52	6,04
11,54	6,59
11,56	6,88
11,58	6,82
11,6	6,48
11,62	5,97
11,64	5,31
11,66	4,75
11,68	4,29
11,7	3,99
11,72	3,81
11,74	3,74
11,76	3,76
11,78	3,76
11,8	3,64
11,82	3,43
11,84	3,21
11,86	3,04
11,88	2,92
11,9	2,82
11,92	2,73
11,94	2,57
11,96	2,37
11,98	2,14
12	1,90
12,02	1,72
12,04	1,60
12,06	1,55
12,08	1,56
12,1	1,59
12,12	1,60
12,14	1,59
12,16	1,59
12,18	1,62
12,2	1,67
12,22	1,70
12,24	1,70
12,26	1,71
12,28	1,74
12,3	1,78
12,32	1,82
12,34	1,88
12,36	1,96
12,38	2,00
12,4	2,00
12,42	1,95
12,44	1,85
12,46	1,84
12,48	1,93
12,5	2,01
12,52	1,91
12,54	1,83
12,56	1,83
12,58	1,85
12,6	1,91
12,62	1,95
12,64	1,98
12,66	2,05
12,68	2,10
12,7	2,13
12,72	2,18
12,74	2,24
12,76	2,29
12,78	2,26
12,8	2,12
12,82	2,02
12,84	2,08
12,86	2,20
12,88	2,32
12,9	2,33
12,92	2,23
12,94	2,10
12,96	2,00
12,98	1,91
13	1,82
13,02	1,74
13,04	1,66
13,06	1,61
13,08	1,56
13,1	1,51
13,12	1,46
13,14	1,44
13,16	1,42
13,18	1,39
13,2	1,36
13,22	1,32
13,24	1,29
13,26	1,26
13,28	1,23
13,3	1,19
13,32	1,17
13,34	1,17
13,36	1,17
13,38	1,18
13,4	1,17
13,42	1,15
13,44	1,17
13,46	1,24
13,48	1,31
13,5	1,32
13,52	1,26
13,54	1,23
13,56	1,21
13,58	1,19
13,6	1,18
13,62	1,18
13,64	1,18
13,66	1,19
13,68	1,22
13,7	1,27
13,72	1,34
13,74	1,44
13,76	1,61
13,78	1,86
13,8	2,11
13,82	2,32
13,84	2,43
13,86	2,46
13,88	2,49
13,9	2,52
13,92	2,56
13,94	2,59
13,96	2,64
13,98	2,68
14	2,70
14,02	2,68
14,04	2,66
14,06	2,61
14,08	2,52
14,1	2,39
14,12	2,25
14,14	2,06
14,16	1,85
14,18	1,69
14,2	1,63
14,22	1,67
14,24	1,78
14,26	1,90
14,28	1,98
14,3	1,97
14,32	1,91
14,34	1,83
14,36	1,75
14,38	1,72
14,4	1,74
14,42	1,78
14,44	1,84
14,46	1,98
14,48	2,29
14,5	2,60
14,52	2,43
14,54	2,29
14,56	2,20
14,58	2,15
14,6	2,13
14,62	2,06
14,64	1,98
14,66	1,92
14,68	1,82
14,7	1,72
14,72	1,64
14,74	1,58
14,76	1,58
14,78	1,66
14,8	1,85
14,82	2,08
14,84	2,30
14,86	2,39
14,88	2,37
14,9	2,30
14,92	2,18
14,94	2,03
14,96	1,88
14,98	1,75
15	1,68
15,02	1,64
15,04	1,60
15,06	1,59
15,08	1,62
15,1	1,65
15,12	1,69
15,14	1,73
15,16	1,76
15,18	1,78
15,2	1,81
15,22	1,82
15,24	1,81
15,26	1,79
15,28	1,76
15,3	1,73
15,32	1,68
15,34	1,65
15,36	1,64
15,38	1,60
15,4	1,58
15,42	1,57
15,44	1,71
15,46	1,88
15,48	2,05
15,5	2,00
15,52	1,92
15,54	1,82
15,56	1,73
15,58	1,66
15,6	1,65
15,62	1,71
15,64	1,78
15,66	1,81
15,68	1,78
15,7	1,72
15,72	1,72
15,74	1,70
15,76	1,70
15,78	1,71
15,8	1,70
15,82	1,72
15,84	1,76
15,86	1,84
15,88	1,98
15,9	2,11
15,92	2,20
15,94	2,18
15,96	2,13
15,98	2,12
16	2,08
16,02	2,04
16,04	2,02
16,06	2,00
16,08	1,95
16,1	1,86
16,12	1,78
16,14	1,71
16,16	1,68
16,18	1,67
16,2	1,69
16,22	1,72
16,24	1,80
16,26	1,91
16,28	2,02
16,3	2,12
16,32	2,17
16,34	2,17
16,36	2,16
16,38	2,15
16,4	2,13
16,42	2,14
16,44	2,27
16,46	2,40
16,48	2,50
16,5	2,57
16,52	2,65
16,54	2,73
16,56	2,85
16,58	3,05
16,6	3,25
16,62	3,42
16,64	3,57
16,66	3,68
16,68	3,80
16,7	3,91
16,72	4,00
16,74	4,00
16,76	3,97
16,78	3,93
16,8	3,84
16,82	3,72
16,84	3,58
16,86	3,42
16,88	3,28
16,9	3,15
16,92	3,07
16,94	3,04
16,96	3,01
16,98	2,92
17	2,85
17,02	2,79
17,04	2,72
17,06	2,66
17,08	2,61
17,1	2,58
17,12	2,57
17,14	2,54
17,16	2,49
17,18	2,42
17,2	2,36
17,22	2,32
17,24	2,28
17,26	2,25
17,28	2,25
17,3	2,31
17,32	2,43
17,34	2,55
17,36	2,58
17,38	2,58
17,4	2,61
17,42	2,63
17,44	2,65
17,46	2,70
17,48	2,73
17,5	2,79
17,52	2,80
17,54	2,71
17,56	2,57
17,58	2,51
17,6	2,42
17,62	2,30
17,64	2,27
17,66	2,30
17,68	2,28
17,7	2,28
17,72	2,36
17,74	2,58
17,76	2,85
17,78	3,04
17,8	3,21
17,82	3,33
17,84	3,36
17,86	3,33
17,88	3,26
17,9	3,15
17,92	3,01
17,94	2,87
17,96	2,79
17,98	2,70
18	2,67
18,02	2,73
18,04	2,90
18,06	3,12
18,08	3,34
18,1	3,52
18,12	3,64
18,14	3,67
18,16	3,64
18,18	3,61
18,2	3,53
18,22	3,34
18,24	3,17
18,26	2,95
18,28	2,75
18,3	2,69
18,32	2,67
18,34	2,72
18,36	2,81
18,38	2,90
18,4	2,99
18,42	2,98
18,44	2,91
18,46	2,85
18,48	2,79
18,5	2,78
18,52	2,79
18,54	2,80
18,56	2,84
18,58	2,92
18,6	3,01
18,62	3,05
18,64	3,05
18,66	3,11
18,68	3,19
18,7	3,31
18,72	3,52
18,74	3,87
18,76	4,43
18,78	5,33
18,8	6,47
18,82	7,58
18,84	9,13
18,86	10,62
18,88	12,23
18,9	13,88
18,92	15,51
18,94	17,04
18,96	18,56
18,98	19,95
19	21,06
19,02	21,94
19,04	22,61
19,06	23,04
19,08	23,19
19,1	22,99
19,12	22,43
19,14	21,70
19,16	20,80
19,18	19,84
19,2	19,02
19,22	18,49
19,24	18,15
19,26	18,03
19,28	17,97
19,3	17,81
19,32	17,60
19,34	17,36
19,36	17,10
19,38	17,16
19,4	17,49
19,42	17,80
19,44	18,07
19,46	18,50
19,48	19,04
19,5	19,65
19,52	19,96
19,54	19,80
19,56	19,30
19,58	18,65
19,6	18,04
19,62	17,45
19,64	16,82
19,66	16,18
19,68	15,35
19,7	14,54
19,72	13,73
19,74	12,82
19,76	11,72
19,78	10,73
19,8	10,11
19,82	9,95
19,84	10,00
19,86	10,07
19,88	10,35
19,9	10,77
19,92	11,13
19,94	11,36
19,96	11,63
19,98	11,83
20	11,82
20,02	11,45
20,04	10,88
20,06	10,38
20,08	9,86
20,1	9,06
20,12	7,78
20,14	6,71
20,16	5,85
20,18	5,07
20,2	4,76
20,22	5,33
20,24	6,73
20,26	8,35
20,28	9,49
20,3	10,06
20,32	10,53
20,34	10,99
20,36	11,35
20,38	11,58
20,4	11,47
20,42	11,17
20,44	10,77
20,46	10,54
20,48	10,34
20,5	10,16
20,52	10,14
20,54	10,44
20,56	11,31
20,58	12,47
20,6	13,84
20,62	15,11
20,64	16,13
20,66	16,69
20,68	16,94
20,7	17,00
20,72	16,97
20,74	17,01
20,76	16,94
20,78	16,82
20,8	16,54
20,82	16,41
20,84	16,38
20,86	16,70
20,88	17,47
20,9	18,78
20,92	19,98
20,94	21,08
20,96	21,80
20,98	21,97
21	21,74
21,02	21,26
21,04	20,69
21,06	20,25
21,08	20,10
21,1	20,27
21,12	20,94
21,14	22,11
21,16	23,41
21,18	24,49
21,2	24,55
21,22	24,11
21,24	22,79
21,26	20,84
21,28	18,64
21,3	16,21
21,32	14,31
21,34	12,92
21,36	12,15
21,38	11,77
21,4	11,74
21,42	12,16
21,44	12,78
21,46	13,61
21,48	14,39
21,5	15,51
21,52	17,07
21,54	19,29
21,56	22,13
21,58	24,85
21,6	27,18
21,62	29,57
21,64	32,81
21,66	35,11
21,68	36,48
21,7	37,02
21,72	37,64
21,74	38,59
21,76	39,13
21,78	39,00
21,8	38,35
21,82	37,28
21,84	35,97
21,86	34,08
21,88	32,10
21,9	30,56
21,92	29,36
21,94	28,73
21,96	28,65
21,98	28,70
22	28,91
22,02	30,14
22,04	31,40
22,06	32,36
22,08	33,40
22,1	34,55
22,12	36,03
22,14	38,10
22,16	39,98
22,18	41,73
22,2	42,60
22,22	43,30
22,24	44,41
22,26	46,34
22,28	48,54
22,3	50,42
22,32	51,45
22,34	51,98
22,36	52,22
22,38	52,05
22,4	51,88
22,42	51,40
22,44	50,55
22,46	49,86
22,48	49,48
22,5	49,32
22,52	48,83
22,54	47,94
22,56	47,00
22,58	46,16
22,6	45,60
22,62	45,17
22,64	45,36
22,66	46,08
22,68	47,00
22,7	48,15
22,72	49,40
22,74	50,84
22,76	52,19
22,78	52,82
22,8	52,83
22,82	52,68
22,84	52,47
22,86	52,28
22,88	51,94
22,9	51,42
22,92	50,42
22,94	49,07
22,96	47,18
22,98	44,86
23	42,93
23,02	41,55
23,04	40,62
23,06	40,04
23,08	39,45
23,1	39,44
23,12	39,16
23,14	38,13
23,16	36,97
23,18	35,70
23,2	34,52
23,22	32,97
23,24	30,55
23,26	27,67
23,28	24,63
23,3	22,07
23,32	20,07
23,34	18,20
23,36	16,85
23,38	15,98
23,4	15,05
23,42	14,16
23,44	13,12
23,46	11,52
23,48	9,52
23,5	7,72
23,52	6,30
23,54	5,27
23,56	4,70
23,58	4,21
23,6	3,79
23,62	3,44
23,64	3,29
23,66	3,09
23,68	3,01
23,7	2,99
23,72	3,05
23,74	3,15
23,76	3,26
23,78	3,25
23,8	3,13
23,82	2,91
23,84	2,68
23,86	2,54
23,88	2,41
23,9	2,31
23,92	2,22
23,94	2,09
23,96	2,05
23,98	2,05
24	2,05
24,02	2,13
24,04	2,21
24,06	2,26
24,08	2,21
24,1	2,15
24,12	2,19
24,14	2,26
24,16	2,35
24,18	2,49
24,2	2,68
24,22	2,93
24,24	3,24
24,26	3,56
24,28	3,83
24,3	4,09
24,32	4,36
24,34	4,59
24,36	4,70
24,38	4,67
24,4	4,54
24,42	4,32
24,44	4,04
24,46	3,76
24,48	3,49
24,5	3,28
24,52	3,10
24,54	3,08
24,56	3,18
24,58	3,33
24,6	3,55
24,62	3,82
24,64	3,99
24,66	3,98
24,68	3,91
24,7	3,77
24,72	3,70
24,74	3,68
24,76	3,68
24,78	3,68
24,8	3,66
24,82	3,61
24,84	3,56
24,86	3,49
24,88	3,41
24,9	3,35
24,92	3,33
24,94	3,32
24,96	3,29
24,98	3,25
25	3,18
25,02	3,15
25,04	3,15
25,06	3,16
25,08	3,11
25,1	3,04
25,12	3,05
25,14	3,05
25,16	3,06
25,18	3,03
25,2	3,00
25,22	2,97
25,24	2,95
25,26	2,91
25,28	2,90
25,3	2,86
25,32	2,88
25,34	2,91
25,36	2,93
25,38	2,95
25,4	2,95
25,42	2,94
25,44	2,89
25,46	2,84
25,48	2,79
25,5	2,91
25,52	3,19
25,54	3,62
25,56	4,06
25,58	4,62
25,6	5,08
25,62	4,98
25,64	4,80
25,66	4,63
25,68	4,49
25,7	4,41
25,72	4,46
25,74	4,65
25,76	4,96
25,78	5,28
25,8	5,37
25,82	5,21
25,84	5,07
25,86	4,92
25,88	4,86
25,9	4,84
25,92	4,82
25,94	4,79
25,96	4,64
25,98	4,38
26	4,10
26,02	3,80
26,04	3,53
26,06	3,29
26,08	3,11
26,1	2,98
26,12	2,89
26,14	2,83
26,16	2,85
26,18	2,87
26,2	2,90
26,22	2,90
26,24	2,83
26,26	2,74
26,28	2,66
26,3	2,57
26,32	2,44
26,34	2,31
26,36	2,20
26,38	2,13
26,4	2,08
26,42	2,06
26,44	2,07
26,46	2,07
26,48	2,08
26,5	2,05
26,52	1,99
26,54	1,90
26,56	1,83
26,58	1,81
26,6	1,80
26,62	1,79
26,64	1,77
26,66	1,76
26,68	1,78
26,7	1,76
26,72	1,73
26,74	1,71
26,76	1,67
26,78	1,63
26,8	1,61
26,82	1,61
26,84	1,61
26,86	1,59
26,88	1,57
26,9	1,78
26,92	1,82
26,94	1,79
26,96	1,81
26,98	1,88
27	1,62
27,02	1,48
27,04	1,43
27,06	1,43
27,08	1,46
27,1	1,55
27,12	1,62
27,14	1,63
27,16	1,62
27,18	1,56
27,2	1,52
27,22	1,40
27,24	1,33
27,26	1,28
27,28	1,26
27,3	1,23
27,32	1,24
27,34	1,29
27,36	1,33
27,38	1,34
27,4	1,33
27,42	1,36
27,44	1,40
27,46	1,41
27,48	1,45
27,5	1,53
27,52	1,65
27,54	1,78
27,56	1,91
27,58	2,02
27,6	2,15
27,62	2,29
27,64	2,44
27,66	2,61
27,68	2,83
27,7	3,02
27,72	3,19
27,74	3,40
27,76	3,59
27,78	3,81
27,8	4,08
27,82	4,44
27,84	4,69
27,86	4,80
27,88	4,87
27,9	5,06
27,92	5,68
27,94	7,48
27,96	10,60
27,98	14,44
28	17,73
28,02	20,47
28,04	23,89
28,06	25,96
28,08	26,64
28,1	26,79
28,12	26,73
28,14	26,51
28,16	26,05
28,18	25,68
28,2	24,84
28,22	23,42
28,24	21,49
28,26	19,49
28,28	17,56
28,3	16,61
28,32	15,66
28,34	14,71
28,36	13,63
28,38	12,84
28,4	12,56
28,42	12,62
28,44	12,98
28,46	13,68
28,48	15,09
28,5	17,02
28,52	19,04
28,54	20,76
28,56	21,95
28,58	23,04
28,6	24,42
28,62	26,39
28,64	28,74
28,66	31,21
28,68	33,59
28,7	35,64
28,72	37,19
28,74	38,34
28,76	39,01
28,78	39,32
28,8	39,42
28,82	39,47
28,84	39,44
28,86	39,43
28,88	39,36
28,9	39,37
28,92	39,27
28,94	39,23
28,96	39,32
28,98	39,37
29	39,40
29,02	39,45
29,04	39,48
29,06	39,79
29,08	40,58
29,1	40,93
29,12	41,23
29,14	41,52
29,16	41,53
29,18	41,44
29,2	41,13
29,22	40,75
